49.57602989790759 , 6.084302054302255 , 49.60767588505143 , 6.199644399344223
49.64653367695541 , 6.1784323737849185 , 49.60170458544395 , 6.174677863477806
49.57698701161587 , 6.08157307846914 , 49.59647472989256 , 6.018218096468562
49.58026493345153 , 6.115434012281124 , 49.59112822178204 , 6.085986719398711
49.56571137412928 , 6.030701944748902 , 49.567545097371855 , 5.9997498647813865
49.65406718883114 , 6.281761564150212 , 49.63611489750499 , 6.171821647153524
49.63487013893518 , 6.024511339845274 , 49.65850816585467 , 6.242603553990452
49.58377238650019 , 6.017561302707474 , 49.58744049718936 , 6.224784259250172
49.5753368222389 , 6.1286430142363075 , 49.56202476632632 , 6.0397081805148565
49.63759150086323 , 6.1691675004865445 , 49.58939173611831 , 6.026755386512067
49.610450035733756 , 6.279442586933451 , 49.58128061153736 , 6.175769972828893
49.56685758533747 , 6.013464003987814 , 49.66192853436247 , 6.297279796440491
49.57981333022763 , 6.311711406111761 , 49.615446914293734 , 6.288146917696803
49.59045620975428 , 6.082802727353798 , 49.65303416294535 , 6.282921647053
49.573681301711126 , 6.292874450567232 , 49.59583853537908 , 6.248854271771409
49.61411879003374 , 6.2496362486545936 , 49.56525749782638 , 6.2881323710451245
49.58016674057484 , 6.026260093602308 , 49.568583074057095 , 6.247963729084376
49.61443541277892 , 6.035655356337562 , 49.6055165006554 , 6.017719532133735
49.60863984289057 , 6.177386400358523 , 49.584420283526505 , 6.3023843363320236
49.58984759235382 , 6.139512719279125 , 49.56351095789039 , 6.155556013292115
49.617032002895385 , 6.207160576143604 , 49.58472651585359 , 6.001603111742765
49.55958907017571 , 6.060473393500896 , 49.658407464844416 , 5.976602873553587
49.624348153756046 , 6.295758015364194 , 49.61523623809812 , 6.090275559632053
49.664411036125514 , 6.096636568017959 , 49.55464905140327 , 5.993509256745805
49.62085469568372 , 6.163741892990174 , 49.58839016685345 , 6.217567947798323
49.65409110346609 , 6.317723488065232 , 49.5659319382544 , 6.157516929678601
49.600296101646535 , 6.047205036875797 , 49.66614365858868 , 6.234095929541993
49.581040142025174 , 6.061204205681385 , 49.66613485848668 , 5.987226370697375
49.611361649358585 , 6.061923246919562 , 49.629901484093715 , 6.242263592520239
49.561233947481846 , 6.186682080430251 , 49.58588176304983 , 6.079154120299743
49.64019737309298 , 6.2352342629659985 , 49.61928321072838 , 6.29917127096349
49.56752042580409 , 6.250580427431123 , 49.65703690335852 , 5.986910072360935
49.619840921945865 , 6.0683383335700185 , 49.638220129527 , 6.058128972497922
49.56541772794978 , 6.018447949975873 , 49.59006736063308 , 6.156404868546502
49.66312889390096 , 6.082914868694576 , 49.583628054534685 , 6.123845908509719
49.64658345302456 , 6.104633967757222 , 49.57349626876766 , 6.276209502371154
49.61898555228355 , 6.185601085371918 , 49.6440454684717 , 5.976739355564805
49.615806941180765 , 6.120282737305592 , 49.570511230977175 , 6.153853485882422
49.586316641898854 , 6.282294655379641 , 49.577280305399206 , 6.02238789878188
49.566084278422956 , 6.155765091040536 , 49.66427702227949 , 6.207055265630401
49.63115379252389 , 6.253171788180507 , 49.61895045896564 , 5.993865618611759
49.587757458474464 , 6.299707743298864 , 49.66200375282411 , 6.147912697809189
49.6009115991279 , 5.9905110840006515 , 49.65158185045883 , 6.036719233487374
49.63371929152818 , 5.9915883735640785 , 49.61335081257195 , 6.131445009833229
49.6163895480391 , 6.28900377868654 , 49.55700175197094 , 6.032753109152183
49.566045020888794 , 6.1435373331271474 , 49.62407042489168 , 6.318807543576149
49.572590614884724 , 6.210407972287618 , 49.60277612509318 , 6.1639557977765955
49.66569058734498 , 6.193390153077077 , 49.65230594172241 , 6.14850339560698
49.65276108253212 , 6.296068789467947 , 49.62801336854571 , 6.199717838592556
49.63733721749095 , 6.207029492661099 , 49.661730046968636 , 6.09795005202174
49.560263525505945 , 6.066764427507509 , 49.58109138154878 , 5.98313317500351
49.63722325143712 , 6.016880315108933 , 49.62296914096752 , 6.046327450031963
49.55475457282726 , 6.059301967912563 , 49.6620722683555 , 6.176157880902538
49.59056516976255 , 6.0840034628538735 , 49.566646462572045 , 5.999132912382004
49.57350696582139 , 6.167751235867346 , 49.60396419036131 , 6.308824896100585
49.586047081769934 , 6.099801347478298 , 49.5781464409683 , 6.263436735230536
49.581298447193895 , 6.159229873705403 , 49.61691179429581 , 6.024325678409949
49.60726196041814 , 6.189961442419149 , 49.65267838173013 , 6.002226953119612
49.65079190204859 , 6.263442885527271 , 49.6249790744835 , 6.039615997067465
49.623106164534725 , 6.211109949063122 , 49.585496439756085 , 6.191039268932546
49.556726462839 , 6.173131286491271 , 49.60436060063738 , 6.129515459021195
49.60688108435371 , 6.075816519007057 , 49.55621560811737 , 6.27033670359237
49.63204503902472 , 6.135587461814123 , 49.645966253960154 , 6.288882055610784
49.651840047336975 , 6.275211612387805 , 49.58879940085731 , 6.297789311753622
49.650880527023105 , 6.195046088971053 , 49.646719781744665 , 6.103485483699617
49.58208163382485 , 6.104263793092742 , 49.62822589179961 , 6.171264178198277
49.593709296419995 , 6.03984533065981 , 49.587503018559055 , 6.20681498368717
49.65029991508981 , 6.2917373083420145 , 49.611376643820925 , 6.193917378017445
49.57215224206959 , 6.244038800090913 , 49.561724415553904 , 5.97754330649144
49.614109631541496 , 6.007118590282567 , 49.62157920587372 , 5.982791556292786
49.636432793078356 , 6.174955197696406 , 49.658180342699566 , 6.084754158236235
49.661836378546674 , 6.026764461986452 , 49.56129859922847 , 6.167491227267209
49.647467792969685 , 6.188423158125135 , 49.602549407951976 , 6.0065048952534195
49.6252263952982 , 6.104576156935003 , 49.62837730457171 , 6.201550364743076
49.65184617980037 , 6.054729773729532 , 49.57105883767938 , 6.00473388179135
49.66521152633007 , 6.0521060812533145 , 49.606546746592656 , 6.061492607753417
49.63180080439603 , 6.010767467264294 , 49.63177472374491 , 6.3097907820352495
49.60854559091347 , 6.106160169259481 , 49.565480399467184 , 6.03210088396596
49.580986349516174 , 6.060226722211398 , 49.62571140425022 , 6.165562375577191
49.60888972135026 , 6.1035180946459775 , 49.582455258345355 , 6.221581462620067
49.632432122311386 , 6.238500160281238 , 49.61990384806681 , 6.174478591273547
49.59491730482379 , 6.223231818823092 , 49.657119399176715 , 6.136454525597856
49.65180851457053 , 6.091862213656011 , 49.6123391136778 , 6.257725686020331
49.66645807445362 , 6.1884183807073105 , 49.65251727610701 , 6.1350367479869385
49.56005009858948 , 6.262769979965265 , 49.58905595049537 , 5.998379565752008
49.641613649474166 , 6.213548644545994 , 49.57960707683323 , 6.00911519726287
49.62762140216341 , 6.051338923017415 , 49.58147381291252 , 6.16446228470996
49.63110952479355 , 6.0636065758049185 , 49.659765509862716 , 6.19146738746366
49.55557990720643 , 5.976154178561358 , 49.628291600675276 , 6.092184617118969
49.558061395152485 , 6.036662158615746 , 49.62825091495986 , 6.31328532226698
49.62923584507248 , 6.226403560355244 , 49.57477182580986 , 6.062023509561618
49.55637169266673 , 6.061052029590306 , 49.617615697089875 , 6.083617170047258
49.62726408398359 , 5.999343196778299 , 49.58191576695039 , 6.019469011042013
49.56459045243449 , 6.193169586359333 , 49.63515053993463 , 6.192951732414019
49.62633114299093 , 6.001810151291593 , 49.62676934010815 , 6.094300274533435
49.64980017589794 , 6.283682653632211 , 49.57469510702915 , 5.979578914090181
49.58006137226992 , 6.3216211026522755 , 49.60672688652924 , 6.051179710651659
49.663113258680475 , 6.171195680758483 , 49.56749149140715 , 6.246857951249635
49.59132050133313 , 5.97672156481004 , 49.638943201481005 , 6.147357376930392
49.590488940630166 , 6.098159243990463 , 49.59401779609308 , 6.086906952562346
49.636020064988465 , 5.9828485450800395 , 49.6049306986339 , 6.004733500487011
49.59911465402452 , 6.080337380639888 , 49.58525039368664 , 6.127995527052753
49.57535392467989 , 6.306151563457241 , 49.63863518604421 , 6.249416715669773
49.605384538987224 , 6.201981141299957 , 49.56175209617865 , 6.1852519214930375
49.638442789323896 , 6.074293751461048 , 49.63990192490645 , 6.1975977791720505
49.58580489941025 , 6.04247765748502 , 49.615262477216326 , 6.053177320915856
49.64950765069339 , 5.996319029240518 , 49.56857631033267 , 6.019665475167525
49.60259596139305 , 6.082525195398905 , 49.565941973987464 , 6.003419936132219
49.63043653886426 , 6.07302686073523 , 49.56931610277067 , 6.1358430238383574
49.569350920665116 , 6.317536097723217 , 49.63762020980505 , 6.0913777352533405
49.65420924936932 , 6.131981792007046 , 49.575176412428675 , 6.143956696410334
49.60790113648923 , 6.152581258310475 , 49.64921348640721 , 6.265675842339041
49.586763096593266 , 6.2980492477580095 , 49.66112926265687 , 6.0178995752478075
49.597976110052244 , 6.237171326494614 , 49.60233601802701 , 6.208907085029856
49.61116181672952 , 5.9993826882994545 , 49.59961017837726 , 6.096447866420333
49.62507055261415 , 5.978542790361546 , 49.561926153599416 , 6.027779514888589
49.60886038243091 , 6.152512259937906 , 49.6296152059084 , 6.323647069438696
49.64335265130757 , 6.325946217659366 , 49.60272900020609 , 6.195518042831381
49.60179843030164 , 6.294423055944986 , 49.5815702494226 , 5.99029711185272
49.66036962706659 , 6.134011326142244 , 49.5978362795662 , 6.288040167228636
49.614869554440126 , 6.035144915331493 , 49.56546496303538 , 6.014377709190418
49.61464807585412 , 6.077197122466343 , 49.565173921595814 , 5.996985460710626
49.62482497850015 , 6.277530997114082 , 49.64922749507069 , 6.0757408611066035
49.62648536093 , 6.146056037940249 , 49.607776549703196 , 6.034134139400813
49.606734849343276 , 6.0888535509939485 , 49.62764923413574 , 6.175670423053981
49.622176887985944 , 6.317809397238112 , 49.651181363445616 , 6.278979052703952
49.603703992700844 , 6.261952798396852 , 49.55503689704099 , 6.162898723661456
49.63843531349694 , 6.066887206002933 , 49.66535651216006 , 6.316745059659996
49.66011272306148 , 6.166004387244719 , 49.579110776760196 , 6.315004120266332
49.63639388762571 , 6.17661428642359 , 49.606331217934006 , 6.244161657416165
49.6010304148489 , 6.150904310192245 , 49.578473871857064 , 6.195568515436151
49.61939191404471 , 6.240350024104596 , 49.59409010085544 , 6.058245691327616
49.58013943990589 , 6.134486740581273 , 49.59005913890128 , 6.102281812347374
49.62429614065687 , 6.043135627878554 , 49.61884983664623 , 6.235271717740348
49.61333944840451 , 6.154897649863143 , 49.64950008363141 , 6.049026718884677
49.64019446621035 , 6.139140913711709 , 49.577035077117436 , 6.23856308635391
49.646829426632216 , 5.999015650179526 , 49.63217568255831 , 6.071589481422365
49.650675581460774 , 6.181040524597808 , 49.55553160386559 , 6.189987760005368
49.572806314271176 , 6.01045396195424 , 49.59725434625199 , 6.12845829184409
49.56877648801947 , 6.301896436823627 , 49.62785950618928 , 6.166446273592296
49.6595105916368 , 6.012854303564155 , 49.57091199063878 , 6.057926688160922
49.65946776337033 , 6.076526725826672 , 49.593402365620435 , 6.078890200458775
49.612788847940834 , 6.02863065269765 , 49.55580340674819 , 6.140309273931237
49.56718254909238 , 6.18775686327621 , 49.57491122621555 , 6.025752005510804
49.64039937589552 , 6.2544149898419015 , 49.55722539548612 , 6.098780640496239
49.56165659396049 , 6.09827060024267 , 49.57043264296589 , 6.049174730372761
49.62904768041289 , 6.294573769453705 , 49.55878743216502 , 6.065712170929181
49.55679503825677 , 6.181884911259406 , 49.61524117805223 , 6.0618244065207305
49.63452527888597 , 6.194279872987915 , 49.636684641692874 , 6.121754566057857
49.5727841579785 , 6.03834216623019 , 49.618090918507754 , 6.098936868086032
49.56041640905362 , 6.295441383435733 , 49.63283072855134 , 6.007555955756823
49.64505224649375 , 6.219180935228253 , 49.559201098718106 , 6.086757810508794
49.57417007450438 , 6.1796263486788785 , 49.658012679026555 , 5.99487437542452
49.604096852967565 , 6.315041631573719 , 49.62684850664736 , 6.157929929586278
49.64856010501686 , 6.202960857528796 , 49.64935609978501 , 6.13746358349399
49.634278174684596 , 6.10642716839461 , 49.556209390089556 , 6.179444887774756
49.60647796680634 , 6.106185300054829 , 49.65191924311439 , 6.114753954793288
49.586707351739605 , 6.056702990244048 , 49.651819115583 , 6.049254952857356
49.5947551647931 , 6.131830972655272 , 49.56126266957684 , 6.217135853270793
49.605905422231636 , 6.316598002249279 , 49.624993152420025 , 6.303064443181751
49.57436612641432 , 6.007603937027759 , 49.59815628067467 , 6.2552735377423465
49.64670539756673 , 6.299945168924515 , 49.606957143453016 , 6.20788490590761
49.632087930039724 , 6.001675380358251 , 49.62581091512727 , 6.270685447504282
49.58680982084707 , 6.27726884500421 , 49.639882279197266 , 6.066271903069652
49.64401689916916 , 6.2848675539572305 , 49.66286315741513 , 6.005199296610923
49.618659364106534 , 6.214920724525795 , 49.55768531699816 , 6.177955725589822
49.58346032863372 , 6.177727850718486 , 49.64554969233243 , 6.130615525068879
49.60762739812572 , 6.284438860758619 , 49.60230296417894 , 6.2047164153886465
49.630063241633216 , 5.999156401313849 , 49.59633110132229 , 6.2692029810843
49.6629863558323 , 6.1968164014810965 , 49.64378642887835 , 6.319417638657492
49.6072107070979 , 6.262542706972793 , 49.56227192899695 , 6.1347884813725395
49.64049562328384 , 6.20973058340802 , 49.57101077689695 , 6.00193022036382
49.58125762323161 , 6.060174463259469 , 49.626173579863334 , 6.051327167320661
49.652204102922845 , 6.086516472639447 , 49.57560830190581 , 6.242370733853476
49.61195242006424 , 6.06788064132701 , 49.638521284961996 , 5.996317594735003
49.58707160968263 , 6.081199028145829 , 49.64971955136796 , 6.284514208354567
49.63334307969292 , 6.273582915320896 , 49.59970157609486 , 6.25798527211385
49.661051408538135 , 6.053187511265799 , 49.582961487560844 , 6.100399919769696
49.56171508938818 , 6.139063115383171 , 49.6001898777322 , 6.225892248026117
49.60158175842498 , 6.260404619715367 , 49.63346983478638 , 6.25453048953155
49.6416844976552 , 6.232822903000256 , 49.62170477831699 , 5.98052020948655
49.56719576864565 , 6.109634629369358 , 49.5705087265837 , 6.013037672613138
49.589321518416334 , 6.255171713087648 , 49.64470277634233 , 6.325582581264858
49.66683582852781 , 5.989486972069779 , 49.62360748930213 , 6.246552073317653
49.561825303016896 , 6.0261777652967385 , 49.624848434999876 , 6.147658776654815
49.64190772098458 , 6.187413893646081 , 49.61194533757391 , 6.245060921471051
49.63324577711942 , 6.284603082950414 , 49.612981042394765 , 6.235799501967347
49.61917424086475 , 6.089193731609422 , 49.61809109080988 , 6.07372387490764
49.60980437196679 , 6.233533280130083 , 49.63816359813834 , 6.007885479693382
49.56791166640874 , 6.246159788389583 , 49.56188569905801 , 6.215637406776452
49.56611771213872 , 6.067551375999054 , 49.571384358365115 , 6.305538384288095
49.56539771019526 , 6.172940765722761 , 49.614802343980415 , 6.1452329982998455
49.575773309102644 , 5.986572981985671 , 49.55766194614313 , 6.280990347849675
49.58622129711643 , 6.241947036981808 , 49.66483529165745 , 6.016110616832804
49.64402114093402 , 6.252402854208004 , 49.58254832037886 , 6.311447765106854
49.60961220096679 , 6.011827378359241 , 49.601399605328716 , 6.274955620782391
49.62590077418749 , 6.274806360253346 , 49.61504402401391 , 6.190618809084138
49.61454433665461 , 6.129867433806626 , 49.5984580775428 , 6.056912425491645
49.62500982842776 , 6.0568927411698645 , 49.63328164441554 , 6.1534295099528
49.63035085687429 , 6.320735003756412 , 49.602567251736055 , 6.210430454094112
49.57416645375811 , 6.0596189856145894 , 49.665121327234075 , 6.114912969279198
49.5834575825741 , 6.076002035624106 , 49.65294735507732 , 6.069866443312728
49.57523863635263 , 6.187504666694732 , 49.662572336128115 , 6.299785779246397
49.62053093312514 , 5.987441935873344 , 49.61380817228423 , 6.3055349361148005
49.64244207288476 , 6.086681682743693 , 49.62693894657897 , 6.220320143517822
49.56657988630375 , 6.002886497346262 , 49.66128120814297 , 6.093588669955638
49.57211602860862 , 6.231106334213299 , 49.63275199836562 , 6.0549278329753555
49.62208053676528 , 6.080399625617962 , 49.592632100452164 , 6.05951852445044
49.57656025229705 , 6.2071033247928975 , 49.654826374460136 , 6.158801481554225
49.64779216116556 , 6.045093560203957 , 49.60997425986775 , 6.113557119331273
49.61434848669434 , 6.153745092712218 , 49.58686729943038 , 6.13132293472318
49.65389143677665 , 6.095194689522751 , 49.564090641440266 , 6.303347246654388
49.59237580751378 , 6.192612240297145 , 49.640720245040995 , 6.003620921657231
49.58245534458155 , 5.987947829616304 , 49.595339103518086 , 6.283835290643401
49.56802417247498 , 6.125649326330979 , 49.63530779313055 , 6.241116193890603
49.57614704335413 , 6.278950729829389 , 49.555904574830556 , 6.099157607844922
49.56391307348567 , 6.015616100654793 , 49.58543313909663 , 6.146368943386831
49.56249686344549 , 6.317079409628409 , 49.63781537670508 , 6.153825419902006
49.661293877418295 , 6.249059356362965 , 49.58693554693536 , 6.29126875610538
49.63138719446576 , 6.0473853721261595 , 49.64793784049361 , 6.089908811823465
49.58589850384863 , 6.119681575453492 , 49.642899671882425 , 5.9800407023960505
49.636477143689156 , 6.1489446414291145 , 49.63912104126749 , 6.228479950016488
49.6482697373542 , 6.013707553609988 , 49.648488989491106 , 6.10197958323041
49.55512663487118 , 6.027281141943021 , 49.62346023310721 , 6.211783270838064
49.57569186323872 , 6.103810013911553 , 49.66654718260379 , 6.098040148343696
49.66401567989578 , 6.275794349842524 , 49.65307849253207 , 6.081016756701539
49.660539128424126 , 6.10765412876129 , 49.629470702068936 , 6.276097530797193
49.616129988144955 , 6.191611444042227 , 49.64597107227703 , 6.002815990613321
49.566191932944015 , 6.20001975263944 , 49.56766160501102 , 6.125990675918087
49.633723998828344 , 6.288722277995974 , 49.61585210449045 , 6.200535975213298
49.61399454773794 , 6.101802527826706 , 49.55701476333538 , 6.190373544033872
49.65673147973764 , 6.218636925325191 , 49.62659729230837 , 6.281489672135267
49.607649747644075 , 6.113641869757451 , 49.63148509680498 , 6.069471905153628
49.60428387198005 , 6.114439284018336 , 49.61766419993099 , 6.041779769965475
49.619867930919554 , 6.241574862621713 , 49.593550597117115 , 6.290950911479592
49.60720398564819 , 6.147987447420256 , 49.61705250588266 , 6.063980296257556
49.5631438288554 , 6.306561747180048 , 49.59507662575123 , 6.097449832450169
49.66732702867325 , 6.184819035391245 , 49.63392245478996 , 6.160154585778648
49.634491690174734 , 6.163349557390636 , 49.655919511887326 , 6.109252286267713
49.59479789594678 , 6.10746657831005 , 49.57658118585986 , 6.106781558794287
49.65198085097541 , 6.292813073154667 , 49.61923475650836 , 5.9876635525729585
49.64736193124471 , 6.064034658746521 , 49.570022147155406 , 6.198535403778013
49.65765703712973 , 6.316615554257198 , 49.590207428967744 , 6.231743764114434
49.59049886879449 , 5.986480760629017 , 49.59495493048319 , 6.286536306988827
49.633838621705486 , 6.077839539871775 , 49.566576219982224 , 6.1609532368151685
49.62081457419926 , 6.263158170689072 , 49.56287236051582 , 6.258610800851055
49.62530618679636 , 6.3108887139301 , 49.61753926593722 , 5.9900957864048845
49.56166972900837 , 6.282356278597113 , 49.60335559527776 , 6.1016380915312824
49.65204879082212 , 6.011552410566884 , 49.6041677436713 , 6.2753793868820695
49.60260738705668 , 6.059824870731591 , 49.57098094321482 , 6.226175251583992
49.62301825412486 , 6.318705661259624 , 49.627062635273845 , 6.156303747614095
49.618018402452456 , 6.09039397005777 , 49.6552123112322 , 6.018257179386366
49.603720097602874 , 6.281447025872695 , 49.567920820050375 , 6.110005179634553
49.59624500904888 , 6.257164788749613 , 49.5629687747825 , 6.028436057696309
49.56602545477561 , 6.104101587655055 , 49.65110754317408 , 6.30712271232579
49.638333904830155 , 6.120781258918784 , 49.58102358716067 , 5.982001792053234
49.599492401785405 , 6.220958728978697 , 49.651539742734535 , 6.1106352314105
49.608750697719366 , 6.195994716637809 , 49.56415174007691 , 6.297793701236673
49.65563017435834 , 6.056082866386009 , 49.643142559117905 , 6.142379356021643
49.573959085144594 , 6.0563549698068515 , 49.554838650979995 , 6.175447369613566
49.63354198729881 , 6.060764682489955 , 49.62942898849838 , 6.020887008869572
49.573502448768636 , 6.056638264042869 , 49.61814126769844 , 6.113667183432148
49.61874159249735 , 6.197944463781203 , 49.640594436732115 , 6.027289230970753
49.57473680334861 , 6.236499727623162 , 49.57911672135179 , 5.992383676516379
49.65980690692422 , 6.042798964577 , 49.63195745246948 , 5.978105684955872
49.57962511940642 , 6.216893361993333 , 49.60651259997605 , 6.055844998461313
49.63502748129751 , 6.150499593993416 , 49.57216959876602 , 6.233238205690439
49.65267497642723 , 6.134423263166627 , 49.653441960001956 , 6.309012460702546
49.561874344028695 , 6.225409278109247 , 49.56858382866319 , 6.044972469979089
49.667576883161736 , 6.293853937915753 , 49.666902335884856 , 6.233715933362093
49.5915784167019 , 6.224402023796984 , 49.563940845694965 , 6.103291064204006
49.62369219042061 , 6.109484687353409 , 49.658928852366266 , 6.117893490127878
49.64298979943918 , 6.103752958517832 , 49.6477316593256 , 6.1037911447624085
49.58958633556773 , 6.146931187060914 , 49.557959394510455 , 6.123416668730635
49.56958000873764 , 6.313132730270914 , 49.662132356620575 , 6.120494613569329
49.61219830496876 , 6.303260473995215 , 49.58477790949211 , 6.312810596522499
49.642906828851984 , 6.322778123074344 , 49.65842736304921 , 6.288633327622356
49.61700719732811 , 6.214368129292678 , 49.64784138232296 , 6.037715841615023
49.56971182852212 , 6.265440089317416 , 49.5990627667725 , 6.046938418996052
49.58083594486419 , 6.00777653181582 , 49.58442360114696 , 6.084581843937046
49.64168007022276 , 6.001113674563046 , 49.57649146447543 , 6.028357607271124
49.60399679827067 , 6.307345110881476 , 49.59664465623913 , 6.199484433539391
49.5583400838669 , 6.160609691441866 , 49.570411563779494 , 6.315970922815726
49.6508605491532 , 6.133612755064995 , 49.57652006639596 , 6.11742881850147
49.6042006126917 , 6.001513978577315 , 49.615903552162735 , 6.080013434209941
49.66762113754284 , 6.190104637202657 , 49.57359414055646 , 6.0464591340567795
49.66365128739161 , 6.311383258249803 , 49.57492031828011 , 6.1958949630879205
49.56158310333665 , 6.194038835903398 , 49.586733381686656 , 6.148094326907119
49.55875498164855 , 6.060408100831572 , 49.55448825266185 , 6.019871112663154
49.57989087671229 , 6.019110647547127 , 49.623773985004256 , 6.044644261478038
49.66746354744889 , 6.118624663874677 , 49.65151544060566 , 6.257901203610707
49.60386215814489 , 6.1408269385162155 , 49.63437159791652 , 6.17227145594044
49.55534434477936 , 6.112199308862154 , 49.55500712322816 , 6.126279990682394
49.662322090953516 , 6.115701033528365 , 49.633287548341386 , 6.229397877204443
49.55819319652985 , 6.157243687644942 , 49.59008008282794 , 6.214037539550443
49.667542437873806 , 6.219704359494167 , 49.56250881498231 , 6.218111464192772
49.574616610319055 , 6.027360511090345 , 49.577160811348314 , 6.121596258340698
49.59511546875684 , 6.247413729240379 , 49.60809223169854 , 6.204073893139415
49.607302617691 , 6.31097990357051 , 49.65354936127346 , 6.008333839937415
49.64904094599249 , 6.071709056291837 , 49.665866719519975 , 6.263434315546109
49.558264107404135 , 6.041671188790895 , 49.60158642764004 , 6.2037737010455976
49.640074560381166 , 5.994610386377117 , 49.64004932304745 , 6.070678801377549
49.57057296995267 , 6.0873617996210045 , 49.63463681779975 , 6.131932130118944
49.56750469357378 , 6.058515658497139 , 49.66756507424953 , 6.121461536721854
49.6178377338415 , 6.299972063573962 , 49.58378305143444 , 5.988106692909284
49.66424068043498 , 6.027217112989703 , 49.61713974150791 , 6.0151974706276015
49.57699211864914 , 6.236938927399004 , 49.60729495602285 , 6.286320035656205
49.56039269800989 , 6.081860011033819 , 49.632647602572135 , 6.170973457328188
49.56771417274111 , 6.039978604922287 , 49.65052351000841 , 6.0889969999367315
49.66605257193767 , 6.262432352869183 , 49.646010894806544 , 6.1242117824238615
49.572958540302544 , 6.246193756062354 , 49.58231595603005 , 6.073456576861298
49.58762955363273 , 6.276573272385134 , 49.57218218249582 , 6.3031844482677055
49.66159567519515 , 6.094942748902442 , 49.57058715365684 , 6.210429326163216
49.582945953192954 , 5.983634413547169 , 49.64918048496921 , 6.257631810296019
49.6567878733859 , 6.287974322023209 , 49.604746769836 , 6.136166431283658
49.58469226495797 , 6.2487971819384835 , 49.61731493702784 , 6.063403355576385
49.62804680130974 , 6.131321271872707 , 49.60699677367767 , 6.226831586958179
49.57636174448507 , 6.095669232108179 , 49.56066965823007 , 6.152719885714454
49.65194618960823 , 6.0966891626554505 , 49.666658728413594 , 6.070013527962277
49.66597401464933 , 6.1878089032343535 , 49.5673094155365 , 6.162659776316332
49.59297446649248 , 6.2563749237996085 , 49.618460412474775 , 6.225169986483087
49.59819416910064 , 5.983759506811202 , 49.6075074040157 , 6.284948900729635
49.570585926364245 , 6.198857912364173 , 49.60612436207484 , 6.289051813240542
49.63806326713662 , 6.172666160754086 , 49.577048575660214 , 6.279063449256944
49.64285031909166 , 6.163661283877377 , 49.65621911775697 , 6.033820129143919
49.66245111108096 , 6.012402723149189 , 49.59503923093879 , 6.157266571041804
49.65751389573261 , 6.068424125234929 , 49.61886125754365 , 6.31269445188164
49.588415944621566 , 6.301379294540934 , 49.649012928343765 , 5.980933682792979
49.56634958205729 , 6.195932199694236 , 49.60741211906382 , 6.165198980739888
49.62615793608856 , 6.029334063708569 , 49.644928595744496 , 6.149080851668329
49.61593510661561 , 6.038867246711145 , 49.61706523705134 , 6.305738448582362
49.556139348251534 , 6.065986276872547 , 49.581310762882424 , 6.143992415077956
49.6286697979108 , 6.296285845166862 , 49.65043718881108 , 6.1430077249713655
49.5615717661235 , 6.00586952451575 , 49.59525722778084 , 6.0929296297473226
49.57776268054122 , 6.140076806630498 , 49.656517727939395 , 6.090590394183207
49.594758412471805 , 6.30195896724868 , 49.65651492947323 , 6.132749091235181
49.587935619594745 , 6.176001647402919 , 49.642926658425054 , 5.995039779684418
49.63763922244574 , 6.185922597913807 , 49.62551461593601 , 6.009428051948117
49.57229282442469 , 6.2394997000848855 , 49.66648961998101 , 6.0112040411951115
49.6005044488468 , 6.17918190597753 , 49.62241769993579 , 6.030640393507272
49.655497825839916 , 6.173516743014575 , 49.66342397502296 , 6.181682288233813
49.567648525414334 , 6.218153313011843 , 49.65758819398025 , 6.022426216326523
49.600428015848834 , 6.261297470683462 , 49.56450857569796 , 6.320301682976664
49.646488008967786 , 6.270871028807438 , 49.666511897120685 , 6.035805280370191
49.58441658292651 , 6.17683751709518 , 49.59957771606284 , 6.135291518534789
49.616357264884954 , 6.249316961297746 , 49.639937328953685 , 5.979918442803142
49.5740867254196 , 6.30833327850571 , 49.585137127540456 , 6.3161421557223205
49.62678707113338 , 6.313704055016677 , 49.568488292817754 , 6.000562756176577
49.58793713996284 , 6.288175261847774 , 49.66223254387019 , 6.14031385964248
49.578689475592626 , 6.300023423438623 , 49.63288408622177 , 6.006967228568389
49.63335774757645 , 6.1614470409816064 , 49.62679277340557 , 6.206903010125275
49.634222936602264 , 6.243003849320338 , 49.61865569574714 , 5.990494523738199
49.61395337971386 , 6.252738642937074 , 49.6043322671993 , 6.072476415979727
49.65961374251392 , 6.200252720682449 , 49.63806991473575 , 6.063657030946343
49.64543034963598 , 6.083003792114971 , 49.60989138753032 , 6.272083307296164
49.648051447921524 , 6.123463880688098 , 49.600475534023076 , 6.286508501416251
49.65215123200395 , 6.279389467339785 , 49.66303236948582 , 6.077279728088814
49.667296001186074 , 6.2598072234311966 , 49.57073449723534 , 6.084701896148701
49.65077797919716 , 6.2970084739112435 , 49.65034512938152 , 6.298994423956926
49.613636538736166 , 6.201678837389476 , 49.65292089663574 , 6.304342136723168
49.65005964536352 , 6.275094315466096 , 49.63711568234643 , 6.209725271433272
49.65182620061221 , 6.045994033652166 , 49.65957123101205 , 6.175165547454659
49.60501957229312 , 6.021689563017116 , 49.64975864993406 , 6.1702410767482405
49.629351642672304 , 6.204578177986619 , 49.65255723679926 , 6.1102943968011
49.66446891989455 , 6.1208786879507215 , 49.57371575343987 , 6.261540745579331
49.65453217096527 , 5.998409220524836 , 49.62258340877447 , 5.986391738640702
49.61242725420853 , 6.08370138249337 , 49.61219408830099 , 6.025568615089469
49.614249114190144 , 6.161108377428489 , 49.56423321820085 , 6.153675752039853
49.62175655764563 , 6.113381274547643 , 49.615459446324415 , 6.301444488013293
49.64994769361543 , 6.099869629283499 , 49.63733850340082 , 6.250212403861532
49.569013454107626 , 6.179742943662938 , 49.605437947751554 , 6.173257077810779
49.65246646011465 , 6.119457207406552 , 49.56441292071854 , 6.091878179945261
49.65528586417756 , 5.995384728697651 , 49.634488624507604 , 6.001464259542642
49.62348387628395 , 5.983003040966976 , 49.63161600576727 , 5.989757311739001
49.63896975817074 , 6.0701564739731095 , 49.65152424545025 , 6.225520595768605
49.59059698586118 , 5.9860831990418735 , 49.6523948941628 , 6.036493580379031
49.596104912126016 , 6.254111755042851 , 49.62152610414849 , 6.077738515700369
49.61395112645642 , 6.297316381024748 , 49.57114081249285 , 6.092871949796554
49.57117623342377 , 6.324994592121356 , 49.6034649010047 , 6.085618811725969
49.65350264570519 , 6.012091543848163 , 49.60368154515525 , 6.19133053819657
49.61022719058624 , 6.256693303820275 , 49.634017119136246 , 6.064846056398617
49.663980893749304 , 6.256509207747904 , 49.66233525603157 , 6.1096108623386405
49.646375027074164 , 5.994849741085601 , 49.634647144733016 , 6.158973672320051
49.62968056684039 , 5.999971648593878 , 49.66415505775281 , 6.108592424729186
49.64750726046817 , 6.054845669284227 , 49.58810073191546 , 6.306783373311953
49.62139619068263 , 6.300234823531102 , 49.61582623768589 , 6.01089569024329
49.66710189614729 , 6.140648018454566 , 49.57542025304546 , 6.2627503152893365
49.644580700231465 , 6.208763802173668 , 49.6500731951219 , 6.1909234937298585
49.581490938463865 , 6.07780219123448 , 49.63477286380434 , 6.281470297198203
49.645794404128544 , 6.235384930457481 , 49.647399628412124 , 6.0763009119076345
49.5782820380883 , 6.083874715910938 , 49.659661849029916 , 6.211969546616135
49.617378961713975 , 6.278865693006809 , 49.58618421099329 , 6.0087293741559
49.64158372755004 , 6.290123484107452 , 49.58256676291511 , 6.0908208519429445
49.65486460299452 , 6.039295800522945 , 49.62849550055933 , 6.137230276792814
49.611307070164635 , 6.216486069828244 , 49.66292636275835 , 6.155166935259329
49.62229075558779 , 6.205628924468654 , 49.66087591076034 , 6.264808955327942
49.599863383420185 , 6.040649200739161 , 49.587835801922985 , 6.036146645490975
49.589818888545 , 5.996447579820343 , 49.63244519669372 , 6.1024688308024055
49.66683877182236 , 5.983778813549853 , 49.564474847796724 , 6.134057389610839
49.61675072087789 , 6.03331715811723 , 49.55530984088674 , 6.172817255350705
49.617032190594905 , 6.179215317906484 , 49.66375014501615 , 6.205877702119664
49.64567436844146 , 5.993476398528967 , 49.65536538569403 , 6.1894865098423395
49.58791544068348 , 6.324780671626649 , 49.626003056066175 , 6.093468170576745
49.618525706273395 , 6.196410731741258 , 49.59542900958428 , 6.234844018054382
49.61520979246241 , 6.258739009875815 , 49.65958322127433 , 6.250781064208818
49.61212232879242 , 6.249844873577404 , 49.59377603744889 , 5.985591222243481
49.58299930554954 , 6.234516065535987 , 49.60231330204254 , 6.1663599713621835
49.591399328852276 , 6.2309120452835565 , 49.56942387080425 , 6.082462396732542
49.626454996879765 , 6.1072342554564205 , 49.65333711915989 , 6.222579383787015
49.65997127897278 , 6.155742701612028 , 49.649795068849315 , 6.017720404827703
49.602996156969006 , 6.2363188747717615 , 49.64672037475066 , 6.007672889786174
49.6658879840627 , 6.235162643753852 , 49.595875438471104 , 6.315449931942406
49.57934243994031 , 5.988803762778392 , 49.561738108505295 , 6.198623838674619
49.55476647730835 , 6.297450106081969 , 49.626235445240184 , 6.049916939642761
49.66552855992805 , 6.326381258893938 , 49.66499048291511 , 6.1550649026394195
49.612921278885686 , 5.999939348177431 , 49.568570958082056 , 6.1047013463827255
49.6056610969456 , 6.2295094059712355 , 49.619178218758265 , 6.269245323784527
49.65768869404261 , 6.137405255996496 , 49.56049325910008 , 6.239804378156497
49.58878842264498 , 6.273658230693501 , 49.566701744853106 , 5.985949108718025
49.56376821370141 , 6.187340306265076 , 49.62688062689139 , 6.194257036967585
49.55736404069047 , 6.132940767276745 , 49.61841980788069 , 6.011881665975985
49.556316902895084 , 6.283177978477912 , 49.590043645665624 , 6.073829069333651
49.55874136497474 , 5.99778222653969 , 49.55976275327174 , 6.153949529884004
49.64122244658568 , 6.127867516580332 , 49.65841401000061 , 6.266080006948183
49.61314901213489 , 6.2146317598163465 , 49.589755144201234 , 6.079687476314348
49.62168815045012 , 6.0607866196126015 , 49.56210259330174 , 6.161501736133151
49.65030330946897 , 6.200168116921355 , 49.633825840178815 , 6.220212256785008
49.5841136154968 , 6.118825338853433 , 49.59943394000642 , 6.302504998122857
49.63968307269274 , 6.222566568646909 , 49.583634323067216 , 6.123672203073507
49.62571236349588 , 6.02728201725107 , 49.58342347617942 , 6.056601468341004
49.612359888193936 , 6.2702414183450506 , 49.656367375091186 , 6.063413401436629
49.56111350348255 , 5.990554602210464 , 49.564862630882764 , 6.165405543095599
49.64245807909105 , 6.126172927408507 , 49.638828510728615 , 6.230764287927248
49.60147362044366 , 6.138035560337662 , 49.63084871703123 , 5.988461832336263
49.65699030510728 , 6.298826383661491 , 49.56887705740908 , 5.988231051090147
49.61104682409356 , 6.071817540030605 , 49.637027377304314 , 6.019785520111236
49.65470096717448 , 6.044652473421626 , 49.65137407529493 , 6.096847030432487
49.58631499972021 , 6.050407350311589 , 49.64638900821535 , 6.021662920404179
49.576203582472736 , 6.016296418166621 , 49.62620532782377 , 6.057822771694201
49.58908610721302 , 6.174822570109576 , 49.597900276176404 , 6.025171139828193
49.57689695337482 , 5.990550584241232 , 49.65685561334542 , 6.314277048152208
49.55757764745627 , 5.987170634096224 , 49.604271999341464 , 6.3229184601177
49.66019180662075 , 6.086080178947929 , 49.59700185371036 , 6.226932298264396
49.56187981695928 , 6.278678228598703 , 49.57299718538263 , 6.170705714828408
49.59338547039851 , 6.304467733220255 , 49.557862687732374 , 5.992930958404197
49.61794492942031 , 6.232707672091918 , 49.60691137750907 , 6.257812417802437
49.60139036438079 , 6.3229297911740225 , 49.60193718039379 , 6.049362645208161
49.569546688861166 , 6.283569581217298 , 49.59365463835663 , 6.078766638332957
49.62835468070038 , 6.153205875528398 , 49.606490851009674 , 5.999343411470579
49.57612827373668 , 6.1378792144652605 , 49.611140039411204 , 5.99617411741137
49.6556623513447 , 6.266544878149037 , 49.57131011904341 , 6.237161072070144
49.60879972559312 , 6.061920238925169 , 49.615358813202754 , 6.003367720193345
49.606712307872165 , 6.222665109001477 , 49.64860563405606 , 6.076847200696025
49.57447060090163 , 6.312356758463826 , 49.63897082004946 , 6.2465811023188005
49.56148639559141 , 6.183567406702807 , 49.657027535772436 , 6.2905616716454675
49.66634713591686 , 5.981720384521583 , 49.59347034048182 , 6.045279375061071
49.66556936023689 , 6.320927547856493 , 49.57875798262527 , 6.18236121127675
49.656284297557626 , 6.1212979957953495 , 49.618621315011644 , 6.295170125616726
49.60236685036205 , 6.220601823698177 , 49.60567525206249 , 6.081805103551691
49.63171756767001 , 6.325396906596694 , 49.5593940490704 , 6.211573349679371
49.57597512891274 , 6.125008823607758 , 49.581978759418426 , 6.258871865051115
49.58279427111829 , 6.121289314527273 , 49.5961644649666 , 6.129710585498926
49.65505099947135 , 5.985606122731321 , 49.65547030987792 , 6.312602907838456
49.60206766374958 , 6.129766917663106 , 49.64024272913462 , 6.093328731590723
49.59598833392291 , 6.093209833385542 , 49.64989427254708 , 6.02023189699568
49.64004773013667 , 6.150992455386148 , 49.577443232024244 , 6.167264421515802
49.58365608279048 , 6.134277661066558 , 49.59699179583175 , 6.268622385424354
49.610806732868014 , 6.1769464611637215 , 49.623338672573155 , 6.088484211585238
49.622785225263456 , 6.265723143568392 , 49.56713161212232 , 6.3249004505332485
49.6451968448692 , 6.258892927318483 , 49.62670925579946 , 6.162056244754398
49.55593376618597 , 6.180479525077652 , 49.5855966205272 , 6.053390020898198
49.6343019760662 , 6.150929521135891 , 49.60322714905829 , 6.140686525474902
49.66220205120107 , 6.281922194473333 , 49.65276827756089 , 6.007309174186744
49.62615887618668 , 6.088639556004411 , 49.595525601341265 , 6.271621227924099
49.65521223766416 , 6.063466013392598 , 49.57322102943604 , 6.119215493030658
49.59190976093311 , 6.295483132879454 , 49.60401869266668 , 6.023285013868314
49.62243057676455 , 6.08879209714645 , 49.58013402239045 , 6.254304516720198
49.61186350249511 , 6.050403253639794 , 49.564000637186446 , 6.252080691374498
49.642279299420274 , 6.041313848946598 , 49.58065273586299 , 6.022121099139405
49.62408745837152 , 6.040599712184637 , 49.60083259168799 , 6.292570262393405
49.627835463019025 , 6.114238952495683 , 49.6601838344006 , 6.234885506198655
49.61515433370453 , 6.249105039987328 , 49.570580640765755 , 6.110973593439045
49.607568148208266 , 6.136822048740217 , 49.614304884077185 , 6.079565755595277
49.566518791769575 , 6.0791828744798755 , 49.65558709223143 , 6.231467576548112
49.65692467277207 , 6.029375467265063 , 49.63371421393682 , 6.275017722314415
49.63749195629715 , 6.147580788469347 , 49.5985663767247 , 6.2906592764679194
49.634266273866174 , 6.011782822985466 , 49.62614812638518 , 6.150009184793196
49.6135340733216 , 6.010847058964359 , 49.65457826801207 , 6.3164440013371665
49.58653995115467 , 6.12893296736938 , 49.58544516871495 , 6.1397124153601155
49.638507590233225 , 6.190945652203215 , 49.6485009328059 , 6.1560282995971
49.554414485402454 , 6.145525431555877 , 49.57375168248908 , 6.2641880254138504
49.60803501303167 , 6.1366723050713965 , 49.61601276623662 , 6.273426798507208
49.58531645672339 , 6.249567128311015 , 49.61986523153728 , 6.305490352368161
49.64126004249689 , 6.311925594116741 , 49.61167435446355 , 6.217114888010051
49.65225950562759 , 6.288583205247829 , 49.6373843037859 , 6.130036533164622
49.63461618210431 , 6.2225163258034 , 49.59932921627459 , 6.255491966239565
49.66044276983498 , 6.255207413561462 , 49.60870997690127 , 6.0919153235479335
49.57453971763655 , 6.047027757969578 , 49.57120493549759 , 6.203491459938833
49.63816806281018 , 6.271716208520833 , 49.626009893651556 , 6.138958287462874
49.58089643559531 , 6.311116573879107 , 49.614964576402855 , 6.062090272425166
49.66759183575285 , 6.162465467855331 , 49.63653395828451 , 6.184955763360548
49.59258128097174 , 6.088369268593458 , 49.562531908961816 , 6.172842987668931
49.594910627444115 , 6.192222226567635 , 49.56545914147994 , 6.194659914059999
49.660341607964135 , 6.254553888688885 , 49.591516292059126 , 6.078599885497299
49.61317018314228 , 6.081282944954158 , 49.60670186045344 , 6.267611659201616
49.562314435676846 , 6.1909317758522295 , 49.64758301157837 , 6.27421038351176
49.6501138354981 , 6.152716472738921 , 49.58939761898183 , 6.043335829270185
49.56159181355725 , 6.244423545861421 , 49.57115297077379 , 6.257416461417875
49.62242556745579 , 6.145999098034626 , 49.65937483629177 , 5.991287083715596
49.59753230243805 , 6.267278837055992 , 49.56225525809578 , 6.041805084037802
49.570850325570355 , 6.077921340137356 , 49.64564839484761 , 6.229301858614876
49.58439612201786 , 6.06236790852163 , 49.620715507492235 , 6.1186481919145566
49.63036391434139 , 6.2616577575595285 , 49.6360142948092 , 6.309840913514566
49.646696116895576 , 6.290225093858056 , 49.588784879811264 , 6.197462181044195
49.59023663906055 , 6.135007510754134 , 49.64432901996984 , 5.997288692894286
49.60473930332576 , 6.029038190557903 , 49.629361356971046 , 6.295956913289789
49.64973902442508 , 6.1910950465501475 , 49.583684421723945 , 6.096083257633704
49.558148583147016 , 6.229720449133267 , 49.6346090081962 , 6.129695140262852
49.56154348910435 , 6.180862429820686 , 49.64914659605635 , 6.024514616023497
49.570968788856526 , 6.323056966881585 , 49.61921177149819 , 6.196952017526015
49.64794979390567 , 6.157988192739342 , 49.64757754119741 , 6.128167490059322
49.565785021757094 , 6.199129561550738 , 49.65001831708018 , 5.983554356841195
49.572117645671064 , 6.163271075934418 , 49.59929292244801 , 5.99725280636136
49.651542347882774 , 6.246605449109958 , 49.600836827963306 , 6.011617439061253
49.65930478618467 , 6.038880648007643 , 49.63651673851319 , 6.25626268107232
49.65750812359418 , 6.285365443662692 , 49.61912288496216 , 6.17889168169476
49.56822696257854 , 6.249745852784611 , 49.64400664398588 , 6.316456205626819
49.63574018555934 , 6.0653419421358095 , 49.60003805743646 , 6.236734852215205
49.62009617140994 , 6.122250988875008 , 49.57130635547266 , 6.085152116118197
49.591944080172716 , 6.2380574812224765 , 49.63668931658051 , 6.284015598692901
49.64240447179226 , 6.158464336092392 , 49.66603012954276 , 6.04932045319492
49.580622798098496 , 5.992058098009092 , 49.571174216728934 , 6.2929269254112885
49.66684454813585 , 6.1061973009013215 , 49.56435440937835 , 6.194690517184304
49.620370928294435 , 6.244017079230266 , 49.55829109139926 , 6.222804651749064
49.559519186365655 , 6.319021442630586 , 49.645536938695344 , 6.06098698340186
49.597051472007564 , 5.992862030223245 , 49.59568646364586 , 6.263470711830444
49.58784419317386 , 6.013526083984293 , 49.6570267402774 , 6.219330778292923
49.57887250211905 , 6.159294263424969 , 49.6475445061401 , 6.136489808125428
49.62875674381928 , 6.133124200964972 , 49.554659349628345 , 6.290018966061773
49.62903485309776 , 6.240707881939826 , 49.62546129782712 , 6.324287599753216
49.649093543622044 , 6.046178481483629 , 49.557782063947634 , 6.268396319405158
49.596918934320605 , 6.176892700553404 , 49.65763992574703 , 6.12636886947636
49.56140704528342 , 6.167266161222605 , 49.636879353612 , 6.101852193045364
49.62505783848785 , 6.28928707943689 , 49.625294703068874 , 6.142455597406345
49.66231173665547 , 6.254895776749944 , 49.590958433773494 , 6.256505659498756
49.63177987605693 , 6.302436622758761 , 49.59336936590863 , 6.052633425850347
49.5857760545909 , 6.043900956460925 , 49.647510757410174 , 6.143597069995804
49.588834757563006 , 6.295709484395504 , 49.60189942144353 , 6.170228600950439
49.655144004229356 , 6.199304829784718 , 49.61001015627755 , 6.1222164946442925
49.59424818776163 , 6.214413507454512 , 49.59086013849785 , 6.26521037454064
49.66180639601401 , 6.264595466518459 , 49.618062633405536 , 6.269598152100717
49.56643772041584 , 6.262824495908143 , 49.576406261506854 , 6.104690992315269
49.580765633687676 , 6.175047138332406 , 49.577003306696994 , 6.058987154773862
49.66701782716768 , 6.034533935693406 , 49.65537617936285 , 6.288550801492659
49.586000625046765 , 6.082043029931545 , 49.58169388104984 , 6.019427437851675
49.62675101738882 , 6.279249466345148 , 49.55731034457868 , 6.294001940896577
49.604558676167876 , 5.978801689145686 , 49.58728494896399 , 6.232914125769091
49.619747142643845 , 6.081223667147988 , 49.65584334903245 , 6.190237774145971
49.5879908799718 , 6.004777967730606 , 49.56962946558519 , 6.0716873501521
49.66439893413638 , 6.180481527505246 , 49.57081315404602 , 6.309274909801704
49.65799081648859 , 6.29143418050721 , 49.62408053589204 , 6.162426105984237
49.56969605966782 , 6.131789453907158 , 49.63304955940455 , 6.253902351532017
49.65327720633155 , 6.000389326707391 , 49.59378385653708 , 6.294112632283045
49.65160676311724 , 6.207716746286484 , 49.577707755501706 , 6.112686063465584
49.56956696028272 , 6.197596396855679 , 49.555577532094375 , 6.0372801631892905
49.625146871428875 , 6.120243152971978 , 49.567256348231815 , 6.182710724762275
49.56541585436709 , 6.2292707019522275 , 49.558640782360165 , 6.170925522299168
49.59863342093686 , 6.036670027349399 , 49.561561602418934 , 6.143022268167698
49.60200091297789 , 6.126339001091582 , 49.65924976768445 , 6.298071007152262
49.60757744924048 , 5.993438670660709 , 49.57338708586547 , 6.110768200073716
49.61070664374114 , 6.279756179103461 , 49.614947343762765 , 6.030820239631453
49.6214319179744 , 6.2055459102784685 , 49.617344274807465 , 6.143488325970666
49.63012933072429 , 6.227452738264598 , 49.566239353621164 , 6.001794487623239
49.5929484938941 , 6.302145527639849 , 49.555626612823765 , 6.094011737726192
49.61039274115272 , 6.233070719559923 , 49.6453519248561 , 6.0975093779942355
49.6039796394656 , 6.161205704500512 , 49.64184390611419 , 6.060201676578022
49.6362600775895 , 6.314853482966066 , 49.55540796007001 , 6.104780718718947
49.62052887033887 , 6.198630883174616 , 49.631302880920344 , 6.007575893778072
49.6404756157471 , 6.229666607976969 , 49.6474635896413 , 5.990538818449415
49.65124720789585 , 6.105929005367487 , 49.594037450580494 , 6.033307244741232
49.64357540867147 , 6.1507478466162055 , 49.584034957934094 , 6.276268451600923
49.651326053762894 , 6.023147733096911 , 49.558572873099386 , 6.024812477232373
49.64855133525963 , 6.113569954373417 , 49.59056068666004 , 6.252994961786203
49.56732821203412 , 6.163093299160458 , 49.585053227632535 , 6.00625360040719
49.600148052206386 , 6.245760017372437 , 49.6430687806418 , 6.278988161426575
49.605268959841816 , 6.24584893502561 , 49.61680125755346 , 6.1013401390573945
49.61924415202226 , 6.030639450246235 , 49.600211970406356 , 6.125150047163681
49.57981468127596 , 6.190200116005998 , 49.62687300758401 , 6.179493663208646
49.612226452381535 , 6.196952285795149 , 49.55755199543025 , 6.135799406689096
49.64799589826994 , 6.092555295336709 , 49.57952900443132 , 6.040747723564914
49.66177755379319 , 6.053752458575704 , 49.61654691223204 , 6.147886700751688
49.633726262628564 , 6.064067136290427 , 49.66623350442542 , 6.031264077286438
49.55862395444719 , 5.994332786027397 , 49.65599245295103 , 6.308645635120042
49.64518058924997 , 6.23388859478953 , 49.59574190931364 , 6.317131840820102
49.621026471873535 , 6.061181700648199 , 49.60824215074714 , 6.3113389134444065
49.589979776794706 , 6.2630058806510425 , 49.618972804989525 , 6.284954342181044
49.62388610722934 , 6.266700440722851 , 49.63198844537471 , 6.31320238117786
49.66377582498782 , 6.253206454298709 , 49.619336216121226 , 6.32604039426097
49.635823069650094 , 6.043342732110842 , 49.601862467373294 , 6.230425285681636
49.588037527133146 , 6.118278484548675 , 49.57567439553351 , 6.2903068434533935
49.64305296142924 , 6.240564102613242 , 49.641621433117024 , 6.148729852106589
49.640795207724324 , 6.177902175907724 , 49.60786625885852 , 6.195137344448015
49.65123475718834 , 6.312371093274612 , 49.58350716897198 , 6.121011615801546
49.60456915666746 , 6.216509625171053 , 49.666050766973655 , 6.10301092331146
49.59300304695598 , 6.244172773397468 , 49.593102763091224 , 6.16361894212598
49.643405355194865 , 6.293115158846185 , 49.63631068460259 , 6.023273328828481
49.650292175398455 , 6.037905141338592 , 49.557516370322034 , 6.299357208511336
49.63189939141931 , 6.018851356855666 , 49.63901746202421 , 6.080293099237981
49.57880310053051 , 6.172815709229818 , 49.64707186374088 , 6.232532884591467
49.63826157090055 , 6.1137540378598905 , 49.64110279721106 , 6.226751466867815
49.637001956827746 , 6.240389741040361 , 49.591384479763605 , 6.080747014119357
49.62197830376157 , 5.981464057958076 , 49.5822299500397 , 6.269849163669308
49.59981799729881 , 6.0467074901174485 , 49.59255916741346 , 6.172129336942442
49.62435039641337 , 6.193621753088176 , 49.648688423696 , 6.014720814126211
49.65539871851421 , 6.205533556584588 , 49.56212640541712 , 6.106459594631992
49.594530308280504 , 6.2941937311395675 , 49.559998428827924 , 6.117659331916593
49.608138945952724 , 6.033751658647101 , 49.661404066054956 , 6.169099813018338
49.61678098451922 , 6.2899663688818395 , 49.634347904711326 , 6.125012767084131
49.55988181449376 , 6.1080915015965775 , 49.572261722447784 , 6.215951445832262
49.62462741773947 , 6.26659584112563 , 49.5933529358383 , 6.071310535072326
49.57457547495122 , 6.112363277078829 , 49.648828683375534 , 5.9942634869584275
49.65237799836857 , 6.01477294336546 , 49.63774203249573 , 6.1854964602866795
49.61890386415566 , 6.210048607943627 , 49.611644396906364 , 6.046655342851146
49.65273593323239 , 6.2882903176887055 , 49.5836024645839 , 5.998593104533016
49.61916211722253 , 6.250252633528274 , 49.58636844757417 , 5.980782691055277
49.6462233399514 , 6.04581163826329 , 49.62262388865345 , 5.985516160343078
49.617024351135676 , 6.31199431908815 , 49.661106878432335 , 6.084047221558423
49.62979451430866 , 6.2323326099995615 , 49.57804442438427 , 6.20232622215183
49.57971991908729 , 6.223267882178267 , 49.632172798348634 , 6.0877109818198605
49.611704750422405 , 6.2186528805973085 , 49.593274656546924 , 6.277899957381635
49.58762751468819 , 5.9832285996575125 , 49.61145872320185 , 6.183914090675718
49.59866745901201 , 6.08255510893258 , 49.63746271027822 , 6.301540482727816
49.556146953595785 , 6.300559692498763 , 49.57733226613896 , 6.026941268914132
49.61761147081543 , 6.280604023362311 , 49.569007093976076 , 6.13347210790171
49.613514269989174 , 6.096141075408819 , 49.624299560279184 , 6.296694768866311
49.655022232140134 , 6.157172370459081 , 49.59016895904763 , 6.008167429194613
49.66496011342663 , 6.1683613301676505 , 49.61980792025682 , 6.278373386432553
49.65312959703116 , 5.978139208031081 , 49.58758942223185 , 6.13263233636432
49.66353336898657 , 6.234269825234956 , 49.624775860884505 , 6.065465160096364
49.61677862481335 , 6.052748055589116 , 49.6407521350781 , 6.222612287454234
49.63054799989974 , 6.121534270211467 , 49.61536927585662 , 6.314512179180397
49.57158987839667 , 6.05444624893114 , 49.566736861858224 , 6.007273571232535
49.63610448320598 , 6.207520176897789 , 49.57785742745883 , 6.275635488832389
49.59809825410517 , 5.987312649954275 , 49.61245156399378 , 6.068698929975599
49.63690727523297 , 6.143368376706455 , 49.596134561306144 , 6.165811160375787
49.62552595649665 , 6.127940715675607 , 49.65013073520923 , 6.017601422803343
49.66658409552516 , 6.243950091589308 , 49.57996841127648 , 6.025044208933458
49.608534947983614 , 6.1631210809045465 , 49.61374728167846 , 6.203632767310548
49.64926867153182 , 6.202064935745344 , 49.5634320000669 , 6.246529211899951
49.59976175609379 , 6.2837840107978336 , 49.61419272963443 , 6.282900856531208
49.6164072118789 , 6.033302502020802 , 49.59512016192195 , 6.300455218401637
49.60111835383909 , 6.076035115691017 , 49.566377407978486 , 6.315531547892653
49.65450109002361 , 6.187278669420529 , 49.63704911648994 , 6.3170025160509535
49.56092543871281 , 6.247090318292612 , 49.55669921184213 , 5.993234914090449
49.62338443420626 , 6.301073813314581 , 49.575907548432 , 6.121203945899903
49.570714485127006 , 6.0488760492906986 , 49.588063860426196 , 6.093087164629146
49.62432502237898 , 6.012260007651322 , 49.59270483354295 , 6.210038139484818
49.66059967231254 , 6.1669723930633795 , 49.64615070968013 , 6.180864639243112
49.60597123908062 , 6.08108155549648 , 49.570712475117716 , 6.140329260238162
49.64571236833245 , 6.258876065125565 , 49.57837049789227 , 5.988569212024371
49.59999154904167 , 6.056777977334603 , 49.66712393772598 , 6.044083792112428
49.61856803020462 , 6.033358769710581 , 49.55835641013526 , 6.066105400604113
49.6008890542526 , 6.022176844975575 , 49.64626194290681 , 6.214297780059124
49.660478678142894 , 6.237295591045702 , 49.659269583891536 , 6.1975465207803495
49.61367244555343 , 6.023839112390139 , 49.612316441196675 , 6.098353963808
49.65163528310889 , 6.003928139373549 , 49.59351496852335 , 6.116152174152058
49.62422748908532 , 5.992012568387195 , 49.56858970130186 , 6.225883635247306
49.63235276360086 , 6.067469725555525 , 49.59103709272637 , 6.132672277625622
49.61741409186023 , 6.23935217719334 , 49.58696822534826 , 6.174732246514925
49.60182057819353 , 6.064536823986804 , 49.65808171524222 , 6.079784766732053
49.56858582929901 , 6.262430262010727 , 49.666173932763684 , 6.131053569100572
49.60550791050193 , 6.303216291835146 , 49.612365303860265 , 6.318517399892064
49.59050782527288 , 6.3145062319485294 , 49.63874197496348 , 6.023073573037096
49.62402627339816 , 6.249402574332452 , 49.5854267803488 , 6.2314332852493575
49.64881180800002 , 6.145150520698745 , 49.62904990566054 , 6.105759716401471
49.60204043910474 , 6.0820643575864075 , 49.572393491433566 , 6.225776311142318
49.654424120170596 , 6.2510945949821775 , 49.65686792898088 , 6.304365132233567
49.64258861883185 , 6.194781507273285 , 49.59931542720735 , 6.04364961328039
49.63085993662766 , 6.209082159809547 , 49.62911652211604 , 6.267098571729313
49.62333578069027 , 6.265339923879152 , 49.60085768621983 , 6.278325318131038
49.568850696425585 , 6.310995586655696 , 49.62417174440117 , 6.062596021941819
49.56999158530983 , 6.303483873450282 , 49.61033994779416 , 6.0689392012447705
49.63436322269665 , 6.196130513078122 , 49.604221445275996 , 6.144016789414614
49.64476061540591 , 6.2183808173327435 , 49.639667494512096 , 6.1500141599832
49.60211588716273 , 6.17535133172546 , 49.65598143929393 , 5.98989853975016
49.66128397255731 , 6.140717862070865 , 49.5663880339695 , 6.19891612761192
49.60442266833851 , 6.168263602687614 , 49.610520425568794 , 6.174909276705165
49.660631968591616 , 6.318330549449102 , 49.60138765636026 , 6.183227620713213
49.643698084647454 , 6.021151218340617 , 49.65506073179967 , 6.098233020655475
49.58042748426404 , 6.1925765148772305 , 49.6611788599543 , 6.081735982662742
49.559797620337804 , 6.155964465598465 , 49.59153489719805 , 6.151877082592856
49.60861059096939 , 6.204226497033276 , 49.642066356643426 , 6.148262945928209
49.57721862905001 , 6.186791612116055 , 49.66463575737641 , 6.031096489759714
49.652580295342126 , 6.155130915599645 , 49.660505219237926 , 6.1211824519594495
49.64933179229456 , 6.235054342200381 , 49.645974810143855 , 6.042238538966785
49.57217487422234 , 6.302141004223289 , 49.580245021350585 , 6.073394680463449
49.60404762336103 , 6.3025141865217 , 49.60964460343667 , 6.088270507472512
49.57539188334017 , 6.235805712202593 , 49.5672666030717 , 6.079340298036739
49.61795868362482 , 6.15598460098126 , 49.59835795158012 , 6.209226206423883
49.634715468437705 , 6.143699468899345 , 49.56933272577539 , 6.167559630683843
49.66325920292332 , 6.163068336378145 , 49.622178438018445 , 5.985540660356299
49.65793873354634 , 6.036443442167331 , 49.632011939154715 , 6.012726555452053
49.56166589767387 , 6.102221360215704 , 49.637903456101974 , 6.155967581963733
49.556103277729655 , 6.310012153193447 , 49.57445676414092 , 6.010842326593243
49.59951222907565 , 6.065252150239986 , 49.64124367333309 , 6.079259591063401
49.63257308906383 , 6.098290351530676 , 49.65204105767218 , 6.213451501086835
49.63643173849497 , 6.30037704229842 , 49.576811069554424 , 6.172260288850296
49.581601432236035 , 6.117900330748907 , 49.64707064507517 , 5.990828447082576
49.56629837117186 , 6.0847905917481935 , 49.5967157097691 , 6.3258816582532775
49.65270721515416 , 5.97758838499307 , 49.666248021575655 , 5.980229113310442
49.5753974288362 , 6.007630257628238 , 49.63242174700006 , 6.103187468600749
49.59252735190402 , 5.982618910125413 , 49.57354719502871 , 6.254954372295972
49.58249052853229 , 6.219535663886868 , 49.66492623988998 , 6.3048976750395695
49.660823237064676 , 6.034171338295494 , 49.596817814611235 , 6.299469611531679
49.66585095277677 , 6.255944858403431 , 49.60096042228859 , 6.31980603971737
49.61706238222727 , 6.2235950155986135 , 49.66323448260685 , 6.156920357770669
49.66596401886138 , 6.172725538594049 , 49.627718892323315 , 6.129989136773166
49.57559700012717 , 6.101027973715227 , 49.60325416626122 , 6.100808298673472
49.598116137072466 , 6.017442494500373 , 49.55516014910527 , 6.162035924492215
49.59402583958619 , 5.991971724187214 , 49.65757712778248 , 6.124151999870363
49.5761252722938 , 6.00256563795221 , 49.55605809081466 , 6.321417226875351
49.557774354758386 , 6.115064972127729 , 49.61106431134134 , 6.2766861102176135
49.571565860203165 , 5.9805438871341945 , 49.61687909682061 , 5.9850657023118945
49.585582302239146 , 5.998746157740511 , 49.576012996177724 , 6.165355759459299
49.589120438932994 , 6.061507862579303 , 49.597106263356146 , 6.114105282127065
49.61443822486427 , 6.08136302424921 , 49.66667666563033 , 6.225283917738064
49.61424586464233 , 6.097624563717425 , 49.65897389474094 , 5.977237443325433
49.58461869240236 , 6.109299529651558 , 49.594149567186946 , 6.0984010779134215
49.6290318264803 , 6.050047419792859 , 49.60513102252082 , 5.982369080986625
49.62373342662174 , 6.246828255235956 , 49.58091723054936 , 6.055343196758327
49.564997660172416 , 6.188747907050051 , 49.56288911076201 , 6.128921870862149
49.657152797705535 , 6.037799899882239 , 49.58067990111946 , 6.272266052255891
49.65955781638323 , 6.163104693995073 , 49.58440751164668 , 6.147814493613461
49.609196613937335 , 6.256976022518676 , 49.62652250435959 , 6.219392712467739
49.66112960577372 , 6.273047456629339 , 49.633306616294014 , 6.126120594893192
49.565509797828284 , 6.163409908709177 , 49.602908720389806 , 6.155340191304472
49.57069852176883 , 6.299842163175573 , 49.63424536110814 , 6.150635116447575
49.63723144746905 , 6.27391439880026 , 49.61299679441172 , 6.152005027675809
49.62445307223442 , 6.102217070394505 , 49.63218069120967 , 6.044697699466103
49.63774456699644 , 6.1909541685824205 , 49.6354109172425 , 6.2206776677299835
49.64251418808152 , 6.314983762213555 , 49.566992927596296 , 6.00985119427628
49.62248351053675 , 6.026377370217521 , 49.58501497563695 , 6.292593788222569
49.605786469055516 , 6.1734545337742786 , 49.56445806869254 , 6.2686167909799595
49.63710870036 , 6.035556846431368 , 49.66779121882844 , 6.2961641279150395
49.59267499223274 , 6.085373565792471 , 49.62279117335375 , 5.994422444768911
49.66757476810717 , 6.171318621352357 , 49.58158041136366 , 6.310353919944178
49.62782436565525 , 6.192708766115983 , 49.652692659831715 , 6.106642099953822
49.56117404016484 , 6.303543281994019 , 49.5850852406035 , 6.1605514806139805
49.56790508833265 , 6.267676136506092 , 49.60438517494482 , 6.231497803029842
49.62732704364191 , 6.186111512195345 , 49.651906831773374 , 6.01302082060562
49.633554786054944 , 6.068463106384638 , 49.55750583988451 , 6.187736332229118
49.580018856170454 , 6.092259585430959 , 49.561163494867586 , 6.108014884376959
49.605316257539485 , 6.068429187920219 , 49.56429240203376 , 5.976621705807374
49.662952192835256 , 6.324114066856346 , 49.61546610031352 , 6.311742042584048
49.62766663452056 , 6.107626469738471 , 49.63448617230597 , 6.051313922259878
49.62603470586704 , 5.991930191523141 , 49.65526780886549 , 6.254968999720383
49.55691252319165 , 6.25992920141912 , 49.5954393716968 , 6.2246859836718516
49.56512412103252 , 6.100840128123628 , 49.64826890462902 , 6.212911449316328
49.62619279672487 , 6.238351926748202 , 49.61450605202892 , 6.216912797442697
49.60351921835689 , 6.304268212752697 , 49.57984536576349 , 6.165767346968318
49.64811838207961 , 6.055221561301156 , 49.57953002929685 , 6.02670347060316
49.63652647629854 , 6.1427736942940285 , 49.58819522833402 , 6.172611529001151
49.58524156219561 , 6.186767520961751 , 49.66218315611549 , 6.149443212166244
49.591594942915115 , 6.25879325242376 , 49.607845547870426 , 6.023547865626952
49.56314759134521 , 6.280006280847015 , 49.633507548337306 , 6.00129683206755
49.659871424893005 , 6.216428682009888 , 49.63606668023657 , 6.07657466929532
49.593570882888606 , 6.082077969674884 , 49.655071342170906 , 6.003133414827234
49.641797993730876 , 6.153841195940261 , 49.601082210565785 , 6.017796393807545
49.64511881887446 , 6.053287329288775 , 49.602533539064375 , 6.252730856447272
49.65319769457896 , 6.269690969681006 , 49.6618668252846 , 6.0791439587422955
49.58864380432336 , 6.263774209474373 , 49.588076648039944 , 6.012856689385532
49.56899277799789 , 6.290951017787785 , 49.633665908892965 , 6.225973691111398
49.59789573710926 , 6.11529837312584 , 49.59276604565312 , 6.22824688865649
49.62185399778501 , 6.105931849806194 , 49.56499800845206 , 6.27208329433597
49.5643302978705 , 6.115770421853541 , 49.56542425332691 , 6.160546557597161
49.58987618384244 , 6.0310566194441195 , 49.64771586588472 , 6.113303878670965
49.644379375416435 , 6.014533129664191 , 49.66455675502266 , 5.9891581082326475
49.61703847864168 , 6.318599561475942 , 49.6065076451867 , 6.059139224331008
49.643795647087074 , 6.306979337494687 , 49.66493084120124 , 6.291880329118614
49.5879864003385 , 6.300912131105791 , 49.565124009015534 , 6.278430790121985
49.6421320561127 , 6.190247678680204 , 49.65423265435633 , 6.267999179011563
49.58833607008028 , 6.106777822539427 , 49.63121700805135 , 6.214421759916357
49.61891912978442 , 6.204845347454405 , 49.617631475172544 , 6.157689884499125
49.56800655508409 , 6.2651875787203055 , 49.57061663631885 , 6.313627036118477
49.63033747514119 , 6.016232598034175 , 49.63702018833932 , 6.085467143199448
49.65671363864938 , 6.20519193761548 , 49.62864095155637 , 6.091845435152192
49.607818919498165 , 6.096759494539103 , 49.61263158733185 , 6.256001765158904
49.64778728810074 , 6.251684883750878 , 49.59794847848801 , 6.31231443512014
49.5870120657038 , 6.0393353793351645 , 49.60733953710344 , 6.160634052488954
49.61200411834064 , 6.242655938537415 , 49.63941730227621 , 6.321276418738675
49.60939835824299 , 5.98587571648326 , 49.664393809418875 , 6.146278299310349
49.645039120216154 , 6.243667730575332 , 49.55690330999784 , 6.2429415251916085
49.59243641300645 , 6.1792526362308475 , 49.57243779661448 , 6.026981321805359
49.62816093688212 , 6.163884621687638 , 49.63370569346328 , 6.305379029790751
49.606489491973726 , 6.041561089078874 , 49.649642722503074 , 6.016814210927067
49.56856519884863 , 6.070620509348845 , 49.56073950678629 , 6.16728550528742
49.65844507352734 , 6.0209073862430635 , 49.660704845618326 , 6.240984089815706
49.63349249810685 , 6.284077077764403 , 49.64631039124639 , 6.1520855586203895
49.59113407935596 , 6.076773460623985 , 49.61523130939471 , 6.074695119354846
49.59026206764207 , 6.0711732123645445 , 49.64152247402419 , 6.07691553626449
49.622231101252595 , 6.323509123219675 , 49.61821199263766 , 6.048321596446092
49.556961593973305 , 6.1514520473560905 , 49.65596900708885 , 6.210652564051944
49.56895292012528 , 5.979351361262103 , 49.61660743603969 , 6.035663641731427
49.55483934187343 , 6.301207635275428 , 49.57980378598575 , 6.223719694993087
49.61722330303816 , 6.3157033960231095 , 49.57285296130357 , 6.1426375828242605
49.596286323923444 , 6.24688520806277 , 49.60746336670238 , 6.1382883063487235
49.59955444605843 , 6.221313872958411 , 49.59943845534235 , 6.290517007009888
49.564932444366875 , 6.214129521372547 , 49.58900868630666 , 6.017510624903492
49.58336207345517 , 6.061373657835709 , 49.617198772024366 , 6.181205014494754
49.65357911963112 , 6.0389722523246165 , 49.63350345977045 , 6.125057872175047
49.58822805462553 , 6.168824930673352 , 49.60914835660272 , 6.018164434318103
49.64832710694325 , 6.039569870080398 , 49.633447032621845 , 6.220581760755509
49.582251544155525 , 6.0129761501341354 , 49.63383879546838 , 5.991697329951687
49.59009979711355 , 6.27763733125587 , 49.62212101422117 , 6.2479160215943885
49.56928385228043 , 6.324137210355453 , 49.58800587508012 , 6.128463830069833
49.589362609470385 , 6.181726022888307 , 49.60103259649909 , 6.205733650646061
49.60731747671997 , 6.029753131499328 , 49.64796258265509 , 6.090555259271169
49.559761035441845 , 6.241723776415635 , 49.66724687184893 , 6.231213390958726
49.626775368102216 , 6.2660352207427685 , 49.61402696193285 , 5.998470447484649
49.66487540310422 , 6.213966759201229 , 49.590349090748695 , 6.263055120513729
49.62933252690853 , 6.138170440130436 , 49.62511533495409 , 6.28668629970872
49.567122824093794 , 6.27621286131761 , 49.63699442855061 , 6.139217297192051
49.62345792598485 , 6.171897038531258 , 49.61352640970619 , 6.089547470722686
49.60799108014542 , 6.0974076087417135 , 49.57170126224354 , 6.0212571835108575
49.59255439602509 , 6.056511702237913 , 49.56839054493116 , 6.049285911354244
49.55974648902387 , 5.984146565936959 , 49.6251268606351 , 6.0736625209354465
49.59224609599185 , 6.140420537389945 , 49.629385613920846 , 6.109692887130953
49.61547459225781 , 6.295028370499211 , 49.618119874416756 , 6.165957419182818
49.64623135877631 , 6.111335899363582 , 49.63030526944063 , 6.114239067263579
49.65625202216227 , 6.306734883848456 , 49.63413222032535 , 6.1025949242597655
49.594201441443445 , 6.293081339218659 , 49.56296951397156 , 6.253841326434631
49.5829288288804 , 6.255791378671612 , 49.6242535785177 , 6.27251709751484
49.64330995261338 , 6.2173699609352395 , 49.61289821501632 , 6.248869686619681
49.655815290331475 , 6.207084521277786 , 49.57197335724322 , 6.245327533025033
49.55560860426234 , 6.077698604957491 , 49.58566144924483 , 6.091547451974161
49.58623892567311 , 5.998632309853611 , 49.59521463041653 , 6.286189705796744
49.55792076071293 , 6.2492646635403855 , 49.621528377386845 , 6.007074805501715
49.594582865406025 , 6.04499908601239 , 49.619463607203265 , 5.987967916695371
49.59669779147127 , 6.102537003861142 , 49.568440028850766 , 6.182283411980514
49.61598102160283 , 6.066451799866707 , 49.65111508835007 , 6.218987322445166
49.625673525531596 , 6.2285899124619215 , 49.6512893275933 , 6.197497825303033
49.58352673898168 , 6.256122487259873 , 49.65839762466225 , 6.307583979147998
49.6560448556481 , 6.019268673410685 , 49.63668109075659 , 6.287035216149913
49.64686244012984 , 6.02528830802189 , 49.57644076776972 , 5.990249794446093
49.5803017390412 , 6.15088895202241 , 49.643713311324845 , 5.984508330805624
49.554198753382316 , 6.065297194526627 , 49.639816930687246 , 6.321888914086987
49.60661779350538 , 5.987553963553424 , 49.629099868258955 , 6.3075132296853536
49.64353704975745 , 6.2385439029916 , 49.56583892618165 , 6.286818708983164
49.66334874382551 , 5.978332865097124 , 49.61510889127572 , 6.307994901243121
49.65274640408105 , 6.26328749780192 , 49.58253955448621 , 6.301534134984143
49.57871514436078 , 6.2906473728649965 , 49.56801648031741 , 6.274187622517472
49.559746696050155 , 6.084226115712659 , 49.6035293906693 , 6.0633054076443615
49.59118542631949 , 6.3235165968572815 , 49.57177767029994 , 6.133077444597136
49.630614037250474 , 6.061582867165098 , 49.60061006076203 , 6.008643120788874
49.63553290182653 , 5.977930959563095 , 49.60327054688529 , 6.259051014867858
49.61554316225231 , 6.147964496387408 , 49.58352225480395 , 6.3173768867799
49.63677481088191 , 6.145607439650908 , 49.61076634179812 , 6.069715224719448
49.566916151147254 , 6.112731462775257 , 49.561013690996425 , 6.24470539247165
49.65562334575695 , 6.315329523074924 , 49.6006376598668 , 6.037927808272804
49.65662188865301 , 6.158321409039844 , 49.658084075260966 , 6.300805322206472
49.55486643294619 , 6.042687237614048 , 49.57969424569159 , 6.223677867028903
49.58749609432309 , 6.309475563318442 , 49.567623402096196 , 6.075072265256207
49.5930984826508 , 6.255435806242676 , 49.57071649143555 , 6.078954168290885
49.589048764338656 , 6.197155831213558 , 49.61848380168182 , 6.005535438296425
49.621937607912905 , 6.103920928565593 , 49.60552699423242 , 6.161998970289568
49.66273718873764 , 6.245808415120109 , 49.619803856667794 , 6.065699736342258
49.60302003161517 , 6.219126171696015 , 49.628415909272306 , 6.178439512269286
49.579509389744594 , 6.104807535961826 , 49.64300508738549 , 5.990567712575808
49.633466295579254 , 6.204670977601299 , 49.612916633126716 , 6.117010151177193
49.654978933721985 , 6.062606868067755 , 49.64164117720617 , 6.145410474583543
49.6333197111537 , 5.999051562796822 , 49.65389488196597 , 6.123620368633481
49.62242458054406 , 6.058168983720549 , 49.62163117951035 , 6.126281141898671
49.56034369121939 , 6.116851239936825 , 49.597586110347706 , 6.100527224487071
49.55858741566028 , 6.101215936535944 , 49.597043944267014 , 5.976794320354862
49.56531681072563 , 6.069566701484512 , 49.62312026059652 , 6.104960973845188
49.55599909682086 , 6.044299331975219 , 49.620192624978635 , 6.2342631066196725
49.64334165106924 , 6.310422353201756 , 49.572691009287695 , 6.256616810909437
49.6479254306145 , 6.24088739595728 , 49.6337645940406 , 6.259123459904248
49.618078586549046 , 6.171782456153406 , 49.63987734878394 , 6.00209837108624
49.584154472658476 , 6.156565336657251 , 49.60459827303623 , 5.994939771119933
49.64088050526724 , 6.117600419466292 , 49.58681482662878 , 6.175597712413372
49.565057143918516 , 6.1463354743559195 , 49.629881335975035 , 6.23341052692276
49.592851087362696 , 6.253973798801207 , 49.612282274050585 , 6.171138655845998
49.65277004114582 , 6.1366852573580095 , 49.62111836289207 , 6.0499917841799205
49.56508392452445 , 6.091815962098479 , 49.64274514407548 , 6.147344429816983
49.59338824367263 , 6.2502292271564865 , 49.566512977945614 , 6.323811786389865
49.63425250882356 , 6.088554403213268 , 49.65586321403167 , 6.054515070384421
49.559611650285206 , 6.08966042021786 , 49.57845628602383 , 6.270405246550565
49.571134131819036 , 5.977581820547454 , 49.57398151476913 , 6.324742873427601
49.61812092851313 , 6.142193303342252 , 49.64469965635376 , 6.28045148925143
49.60373339586353 , 6.193324278762615 , 49.571634497854205 , 6.044001586463747
49.6270953782111 , 6.0942490082457 , 49.59977421439942 , 6.270390667767142
49.62638735713686 , 6.174389574013804 , 49.61933677547051 , 6.074643837957683
49.589233680623934 , 6.145271492638802 , 49.633891404867605 , 6.006065258610274
49.62809398201266 , 6.027840501151026 , 49.62024850887632 , 6.115205793742048
49.60289960520799 , 6.285605773811629 , 49.63480203376001 , 6.240185007750981
49.58570932465515 , 6.212958379270465 , 49.58844861707018 , 6.1440208294654095
49.60760628607312 , 6.298898653605389 , 49.55922770208835 , 6.088395059760576
49.601973783626136 , 6.296947988643555 , 49.57382793238602 , 6.313773737561453
49.60413534257632 , 6.183824770619681 , 49.64190014112169 , 6.170752076250726
49.61607990911742 , 6.024790596648073 , 49.63659888170852 , 6.10857353416181
49.577339205277205 , 6.076809314560136 , 49.620424840885576 , 6.111351011455459
49.63759472022478 , 6.07690721484463 , 49.63338474777803 , 6.115239258462295
49.631070267535044 , 6.246452411868174 , 49.599714509126336 , 6.098087836105824
49.660596369994636 , 6.3262450523388285 , 49.630443121618065 , 6.037979084142391
49.62023610078747 , 6.066146006655675 , 49.62702563084635 , 6.17553351073562
49.58237827564719 , 6.150847293551231 , 49.62391958266288 , 5.986946229765013
49.6436877744075 , 6.214377471023162 , 49.63317844042856 , 6.140867493587037
49.59345110916693 , 6.190143152641992 , 49.6674407290629 , 6.246475927875927
49.60087354950792 , 6.1771737836864204 , 49.601587396544936 , 6.197522198991155
49.59771802214135 , 6.115733315972688 , 49.599500630482375 , 6.071810887642713
49.57462119498702 , 6.032052232153797 , 49.627401224419074 , 6.156254042438584
49.6672277022966 , 6.038388348018866 , 49.64180248860484 , 6.004682447418625
49.64163750272104 , 6.164555386173886 , 49.5575268833117 , 6.3163599828709645
49.577822552350476 , 6.2972155629198925 , 49.637237256357864 , 6.023074479502209
49.563217662186716 , 6.013616727617925 , 49.63931423507429 , 6.240131169535795
49.60093924118576 , 6.070314050295689 , 49.622433317283765 , 6.29288296608644
49.634445122572835 , 6.182841285355348 , 49.64759095067823 , 6.1298865336132495
49.62971378442185 , 6.238879989680387 , 49.560509912302116 , 6.165226428308518
49.55646821163213 , 6.079745379930024 , 49.56940032198657 , 6.144775878742524
49.55500998138965 , 6.258075310039076 , 49.61909781709666 , 6.260135468315994
49.628531590641316 , 6.149911615629428 , 49.600885991477604 , 6.089349473190725
49.62109929774377 , 6.247576207952297 , 49.5596215751089 , 6.302309106383775
49.58667466338068 , 5.992201061902903 , 49.63118067137429 , 6.241677305860058
49.63309755054929 , 5.982099448843928 , 49.5910720485113 , 6.177372786850594
49.556627657477065 , 6.195715681521549 , 49.55564919651671 , 6.3224215208861185
49.56159640379627 , 6.213868491628358 , 49.602687588700846 , 6.202754016394061
49.64378633206966 , 6.060555146832716 , 49.62517779287912 , 6.000351634590092
49.56233159358949 , 6.284663041994726 , 49.641330661763035 , 6.198490745165944
49.60939858222787 , 6.269324166039025 , 49.61106962894237 , 6.213051840016275
49.62133922469301 , 6.087120735544092 , 49.63004525173336 , 6.184125669119164
49.65496458255981 , 6.043727893989088 , 49.580144916066324 , 6.114468493627356
49.63403591340868 , 6.157753904154132 , 49.655907700307324 , 6.009655794452658
49.60656845041987 , 6.13055719370649 , 49.63583324606303 , 6.314775566690651
49.616116040299275 , 6.0782306559041634 , 49.56401792016804 , 6.221149056041446
49.6283261333633 , 6.275499238604615 , 49.654378688592026 , 6.041808237819129
49.65873309242198 , 6.003750745343026 , 49.58439993793505 , 6.242734438526538
49.58581483003228 , 6.251729446797611 , 49.61814635461178 , 6.115805364101373
49.61061288190855 , 6.064471736286353 , 49.64659168431417 , 6.204727335827499
49.56220885293533 , 6.284118171226015 , 49.5818696246834 , 6.242613331979948
49.63723972267687 , 6.181470477577322 , 49.6212510452535 , 6.222250864702297
49.61615237754442 , 6.301084152473374 , 49.589072275953015 , 6.239746297483117
49.64648205374421 , 6.123427912431379 , 49.567330457117556 , 6.1256867328146205
49.63251809814444 , 5.986243386705211 , 49.65657167528032 , 6.182131431705916
49.58506203360841 , 6.068176628827056 , 49.66135679613612 , 6.279353262836271
49.5761670982522 , 6.288148506248005 , 49.631739290915 , 6.147731942554985
49.563400773535875 , 6.269036096584432 , 49.627730488335274 , 6.008068089632989
49.57608659230513 , 6.12678685347557 , 49.666884472796475 , 5.9804700184096315
49.59215886573795 , 6.2652554207220295 , 49.567665453600235 , 6.048947511295951
49.63746282767229 , 5.991499696642545 , 49.57776359574953 , 6.276183814632193
49.653481587246766 , 6.265638693798211 , 49.5567953850522 , 6.117506481310862
49.60503452262433 , 6.037675638814415 , 49.59605828802785 , 6.279168797780082
49.605513981734504 , 6.064439919042926 , 49.62431347103598 , 6.282756945235299
49.573940469099405 , 5.997369744640509 , 49.58685603398108 , 6.026352844152479
49.58624428761464 , 6.045587564531785 , 49.59085414856928 , 6.2184358158837965
49.605928872974125 , 6.248290559288813 , 49.639633135007216 , 6.1493097057987836
49.560977517813896 , 6.159867028360694 , 49.63762240836471 , 6.295188621435564
49.57360197227677 , 6.319939187946199 , 49.61633134481665 , 6.1894842303009225
49.64766284401386 , 6.204857890457631 , 49.66020685956806 , 6.157464044921456
49.64213938559262 , 6.312657823253404 , 49.59686300416825 , 6.223562137615283
49.57962213361892 , 6.270321741307906 , 49.58945262329715 , 5.976208281756642
49.648383498101005 , 6.282108777553948 , 49.659899382867316 , 6.172681688199248
49.566363122380785 , 6.299326539336231 , 49.58709370920075 , 6.196295116943458
49.65220809120059 , 6.086874116281067 , 49.62940645938617 , 6.015796131692536
49.60215400499022 , 6.255509859308597 , 49.62182889975759 , 6.239908713395159
49.635299013415114 , 6.182290395585785 , 49.55976957666698 , 6.0107559758795635
49.653895607973986 , 6.021947348197305 , 49.55462567350589 , 6.218295484768994
49.654102925956444 , 6.077254163866928 , 49.59668982632983 , 6.114270026528352
49.65734743796876 , 5.996487515810797 , 49.637592455330655 , 5.981786888637446
49.61804167351897 , 6.017345520220939 , 49.58803739754003 , 5.981659788154769
49.64606069561936 , 6.282756070327945 , 49.65070810881887 , 6.086050784992969
49.60109207573404 , 5.983298686866064 , 49.6446349723607 , 6.314190278271409
49.56853434266175 , 6.317593130656063 , 49.59914635241172 , 6.230736218686165
49.57307420217547 , 5.991543031971805 , 49.57626792959875 , 6.102854661682282
49.630505424552325 , 6.162554849003182 , 49.56902421478365 , 6.274010578945137
49.629600628119924 , 6.165354476049339 , 49.59886324277 , 6.171319768020493
49.6358226894583 , 6.220010027435354 , 49.55712906580146 , 6.25505622007672
49.66398061078292 , 6.1838296848040395 , 49.61167398199591 , 6.034151309009935
49.58658708498101 , 6.075922047631277 , 49.663047187435744 , 6.1485145569417
49.616982573642574 , 6.256012201321914 , 49.61126399365449 , 6.049649569053222
49.61735193547867 , 6.061883682702856 , 49.57986892888688 , 6.162455643198002
49.646405130832434 , 6.249315551134115 , 49.62319667360891 , 6.262925424377369
49.64468680440612 , 6.1071798293732975 , 49.65127288202154 , 6.026515518074746
49.58688227702258 , 5.995474562791724 , 49.61103928282775 , 6.035427810728983
49.597491746095564 , 5.998987042754523 , 49.640570335238635 , 6.008764260229984
49.60466323322704 , 6.030876556568635 , 49.62296625744048 , 6.19219816267849
49.64120071601746 , 6.000995788921724 , 49.586695493886566 , 6.18096207257149
49.65231487116792 , 6.01354920204068 , 49.667407780976355 , 6.045973852680457
49.6096848472933 , 6.167610001824703 , 49.633084388913375 , 6.145225106752773
49.57113627040019 , 6.204971988521096 , 49.6349779188063 , 6.313979110498662
49.62078472109474 , 6.282077155999841 , 49.61652161666573 , 6.121269358649468
49.66731824683566 , 6.280920661431701 , 49.61239200994231 , 6.257375575117683
49.66550990028639 , 5.981966547926004 , 49.57321487010732 , 6.176660568395019
49.566123889178954 , 5.98360946316718 , 49.59573708421345 , 6.234391272241916
49.63427681820959 , 6.124446818974504 , 49.614189763558095 , 6.075862636556329
49.555341822420644 , 6.258851340567853 , 49.57526479615852 , 6.27444590255377
49.563504622578854 , 6.224908655087327 , 49.586903295185685 , 6.209301537458533
49.65949796456303 , 6.105937926918207 , 49.62553047208875 , 6.083336838934958
49.572658706920414 , 6.203781535930577 , 49.65186046825604 , 6.297282762810019
49.57401051686902 , 6.221770314037086 , 49.66317725681619 , 6.021005940750807
